# log10(r_p/Mpc) Sigma_1h Sigma_2h Sigma_All
# f1h = 0.4906506039421884E-8
# f2h = 0.8089460872013505E-8
  -2.94442  710.22274    5.06408  715.28683
  -2.94008  708.61856    5.06408  713.68264
  -2.93573  707.01441    5.06408  712.07849
  -2.93139  705.41030    5.06408  710.47438
  -2.92705  703.80623    5.06408  708.87032
  -2.92271  702.20221    5.06408  707.26629
  -2.91836  700.59822    5.06408  705.66231
  -2.91402  698.99428    5.06408  704.05836
  -2.90968  697.39038    5.06408  702.45446
  -2.90533  695.78652    5.06408  700.85061
  -2.90099  694.18271    5.06408  699.24680
  -2.89665  692.57894    5.06408  697.64303
  -2.89230  690.97522    5.06408  696.03931
  -2.88796  689.37155    5.06408  694.43563
  -2.88362  687.76792    5.06408  692.83200
  -2.87928  686.16434    5.06408  691.22842
  -2.87493  684.56080    5.06408  689.62488
  -2.87059  682.95732    5.06408  688.02140
  -2.86625  681.35388    5.06408  686.41796
  -2.86190  679.75050    5.06408  684.81458
  -2.85756  678.14716    5.06408  683.21124
  -2.85322  676.54388    5.06408  681.60796
  -2.84888  674.94065    5.06408  680.00473
  -2.84453  673.33747    5.06408  678.40155
  -2.84019  671.73435    5.06408  676.79843
  -2.83585  670.13128    5.06408  675.19536
  -2.83150  668.52827    5.06408  673.59235
  -2.82716  666.92531    5.06408  671.98939
  -2.82282  665.32241    5.06408  670.38650
  -2.81847  663.71957    5.06408  668.78365
  -2.81413  662.11679    5.06408  667.18087
  -2.80979  660.51407    5.06408  665.57815
  -2.80545  658.91141    5.06408  663.97549
  -2.80110  657.30881    5.06408  662.37289
  -2.79676  655.70627    5.06408  660.77035
  -2.79242  654.10380    5.06408  659.16788
  -2.78807  652.50139    5.06408  657.56547
  -2.78373  650.89905    5.06408  655.96313
  -2.77939  649.29677    5.06408  654.36085
  -2.77505  647.69456    5.06408  652.75864
  -2.77070  646.09242    5.06408  651.15650
  -2.76636  644.49034    5.06408  649.55443
  -2.76202  642.88834    5.06408  647.95243
  -2.75767  641.28641    5.06408  646.35049
  -2.75333  639.68455    5.06408  644.74864
  -2.74899  638.08277    5.06408  643.14685
  -2.74464  636.48106    5.06408  641.54514
  -2.74030  634.87942    5.06408  639.94351
  -2.73596  633.27787    5.06408  638.34195
  -2.73162  631.67639    5.06408  636.74047
  -2.72727  630.07499    5.06408  635.13907
  -2.72293  628.47367    5.06408  633.53775
  -2.71859  626.87243    5.06408  631.93651
  -2.71424  625.27127    5.06408  630.33536
  -2.70990  623.67020    5.06408  628.73429
  -2.70556  622.06922    5.06408  627.13330
  -2.70122  620.46831    5.06408  625.53240
  -2.69687  618.86750    5.06408  623.93159
  -2.69253  617.26678    5.06408  622.33086
  -2.68819  615.66615    5.06408  620.73023
  -2.68384  614.06560    5.06408  619.12969
  -2.67950  612.46516    5.06408  617.52924
  -2.67516  610.86480    5.06408  615.92889
  -2.67081  609.26454    5.06408  614.32863
  -2.66647  607.66438    5.06408  612.72847
  -2.66213  606.06432    5.06408  611.12841
  -2.65779  604.46436    5.06408  609.52844
  -2.65344  602.86450    5.06408  607.92858
  -2.64910  601.26474    5.06408  606.32883
  -2.64476  599.66509    5.06408  604.72917
  -2.64041  598.06554    5.06408  603.12963
  -2.63607  596.46611    5.06408  601.53019
  -2.63173  594.86678    5.06408  599.93086
  -2.62739  593.26756    5.06408  598.33164
  -2.62304  591.66846    5.06408  596.73254
  -2.61870  590.06947    5.06408  595.13355
  -2.61436  588.47059    5.06408  593.53467
  -2.61001  586.87183    5.06408  591.93592
  -2.60567  585.27320    5.06408  590.33728
  -2.60133  583.67468    5.06408  588.73876
  -2.59698  582.07629    5.06408  587.14037
  -2.59264  580.47802    5.06408  585.54211
  -2.58830  578.87988    5.06408  583.94396
  -2.58396  577.28187    5.06408  582.34595
  -2.57961  575.68399    5.06408  580.74807
  -2.57527  574.08624    5.06408  579.15032
  -2.57093  572.48863    5.06408  577.55271
  -2.56658  570.89115    5.06408  575.95523
  -2.56224  569.29381    5.06408  574.35789
  -2.55790  567.69661    5.06408  572.76069
  -2.55356  566.09956    5.06408  571.16364
  -2.54921  564.50264    5.06408  569.56673
  -2.54487  562.90588    5.06408  567.96996
  -2.54053  561.30927    5.06408  566.37335
  -2.53618  559.71280    5.06408  564.77689
  -2.53184  558.11649    5.06408  563.18058
  -2.52750  556.52034    5.06408  561.58442
  -2.52315  554.92434    5.06408  559.98843
  -2.51881  553.32851    5.06408  558.39259
  -2.51447  551.73284    5.06408  556.79692
  -2.51013  550.13733    5.06408  555.20141
  -2.50578  548.54199    5.06408  553.60608
  -2.50144  546.94682    5.06408  552.01091
  -2.49710  545.35183    5.06408  550.41591
  -2.49275  543.75701    5.06408  548.82109
  -2.48841  542.16236    5.06408  547.22645
  -2.48407  540.56790    5.06408  545.63199
  -2.47973  538.97362    5.06408  544.03771
  -2.47538  537.37953    5.06408  542.44362
  -2.47104  535.78563    5.06408  540.84971
  -2.46670  534.19192    5.06408  539.25600
  -2.46235  532.59840    5.06408  537.66248
  -2.45801  531.00508    5.06408  536.06916
  -2.45367  529.41196    5.06408  534.47604
  -2.44932  527.81904    5.06408  532.88312
  -2.44498  526.22633    5.06408  531.29041
  -2.44064  524.63383    5.06408  529.69791
  -2.43630  523.04153    5.06408  528.10562
  -2.43195  521.44946    5.06408  526.51354
  -2.42761  519.85760    5.06408  524.92169
  -2.42327  518.26597    5.06408  523.33005
  -2.41892  516.67456    5.06408  521.73864
  -2.41458  515.08338    5.06408  520.14746
  -2.41024  513.49243    5.06408  518.55651
  -2.40590  511.90171    5.06408  516.96580
  -2.40155  510.31124    5.06408  515.37532
  -2.39721  508.72100    5.06408  513.78509
  -2.39287  507.13101    5.06408  512.19510
  -2.38852  505.54127    5.06408  510.60536
  -2.38418  503.95179    5.06408  509.01587
  -2.37984  502.36256    5.06408  507.42664
  -2.37549  500.77359    5.06408  505.83767
  -2.37115  499.18488    5.06408  504.24896
  -2.36681  497.59644    5.06408  502.66052
  -2.36247  496.00827    5.06408  501.07236
  -2.35812  494.42038    5.06408  499.48447
  -2.35378  492.83277    5.06408  497.89686
  -2.34944  491.24545    5.06408  496.30953
  -2.34509  489.65841    5.06408  494.72249
  -2.34075  488.07166    5.06408  493.13574
  -2.33641  486.48521    5.06408  491.54929
  -2.33207  484.89906    5.06408  489.96314
  -2.32772  483.31322    5.06408  488.37730
  -2.32338  481.72768    5.06408  486.79176
  -2.31904  480.14246    5.06408  485.20654
  -2.31469  478.55756    5.06408  483.62164
  -2.31035  476.97298    5.06408  482.03706
  -2.30601  475.38873    5.06408  480.45281
  -2.30166  473.80481    5.06408  478.86890
  -2.29732  472.22123    5.06408  477.28531
  -2.29298  470.63799    5.06408  475.70208
  -2.28864  469.05510    5.06408  474.11919
  -2.28429  467.47257    5.06408  472.53665
  -2.27995  465.89038    5.06408  470.95447
  -2.27561  464.30857    5.06408  469.37265
  -2.27126  462.72712    5.06408  467.79120
  -2.26692  461.14604    5.06408  466.21012
  -2.26258  459.56534    5.06408  464.62942
  -2.25824  457.98503    5.06408  463.04911
  -2.25389  456.40510    5.06408  461.46919
  -2.24955  454.82557    5.06408  459.88966
  -2.24521  453.24644    5.06408  458.31053
  -2.24086  451.66772    5.06408  456.73180
  -2.23652  450.08941    5.06408  455.15349
  -2.23218  448.51152    5.06408  453.57560
  -2.22783  446.93405    5.06408  451.99813
  -2.22349  445.35701    5.06408  450.42110
  -2.21915  443.78041    5.06408  448.84449
  -2.21481  442.20425    5.06408  447.26833
  -2.21046  440.62854    5.06408  445.69262
  -2.20612  439.05329    5.06408  444.11737
  -2.20178  437.47849    5.06408  442.54258
  -2.19743  435.90417    5.06408  440.96825
  -2.19309  434.33032    5.06408  439.39440
  -2.18875  432.75695    5.06408  437.82103
  -2.18440  431.18407    5.06408  436.24815
  -2.18006  429.61169    5.06408  434.67577
  -2.17572  428.03980    5.06408  433.10389
  -2.17138  426.46843    5.06408  431.53251
  -2.16703  424.89757    5.06408  429.96166
  -2.16269  423.32724    5.06408  428.39132
  -2.15835  421.75744    5.06408  426.82152
  -2.15400  420.18818    5.06408  425.25226
  -2.14966  418.61946    5.06408  423.68354
  -2.14532  417.05130    5.06408  422.11538
  -2.14098  415.48370    5.06408  420.54778
  -2.13663  413.91666    5.06408  418.98075
  -2.13229  412.35021    5.06408  417.41429
  -2.12795  410.78434    5.06408  415.84842
  -2.12360  409.21906    5.06408  414.28315
  -2.11926  407.65439    5.06408  412.71847
  -2.11492  406.09033    5.06408  411.15441
  -2.11057  404.52688    5.06408  409.59096
  -2.10623  402.96406    5.06408  408.02815
  -2.10189  401.40188    5.06408  406.46596
  -2.09755  399.84034    5.06408  404.90443
  -2.09320  398.27946    5.06408  403.34354
  -2.08886  396.71924    5.06408  401.78332
  -2.08452  395.15969    5.06408  400.22377
  -2.08017  393.60082    5.06408  398.66490
  -2.07583  392.04264    5.06408  397.10672
  -2.07149  390.48516    5.06408  395.54924
  -2.06715  388.92839    5.06408  393.99247
  -2.06280  387.37234    5.06408  392.43642
  -2.05846  385.81701    5.06408  390.88110
  -2.05412  384.26243    5.06408  389.32651
  -2.04977  382.70859    5.06408  387.77267
  -2.04543  381.15551    5.06408  386.21960
  -2.04109  379.60320    5.06408  384.66729
  -2.03674  378.05167    5.06408  383.11576
  -2.03240  376.50093    5.06408  381.56502
  -2.02806  374.95100    5.06408  380.01508
  -2.02372  373.40187    5.06408  378.46595
  -2.01937  371.85356    5.06408  376.91764
  -2.01503  370.30609    5.06408  375.37017
  -2.01069  368.75946    5.06408  373.82354
  -2.00634  367.21369    5.06408  372.27777
  -2.00200  365.66878    5.06408  370.73286
  -1.99766  364.12475    5.06408  369.18884
  -1.99332  362.58162    5.06408  367.64570
  -1.98897  361.03938    5.06408  366.10346
  -1.98463  359.49806    5.06408  364.56214
  -1.98029  357.95766    5.06408  363.02175
  -1.97594  356.41821    5.06408  361.48229
  -1.97160  354.87970    5.06408  359.94378
  -1.96726  353.34216    5.06408  358.40624
  -1.96291  351.80559    5.06408  356.86967
  -1.95857  350.27001    5.06408  355.33409
  -1.95423  348.73543    5.06408  353.79951
  -1.94989  347.20187    5.06408  352.26595
  -1.94554  345.66933    5.06408  350.73341
  -1.94120  344.13783    5.06408  349.20192
  -1.93686  342.60739    5.06408  347.67148
  -1.93251  341.07802    5.06408  346.14210
  -1.92817  339.54973    5.06408  344.61381
  -1.92383  338.02253    5.06408  343.08662
  -1.91949  336.49645    5.06408  341.56053
  -1.91514  334.97148    5.06408  340.03557
  -1.91080  333.44766    5.06408  338.51174
  -1.90646  331.92499    5.06408  336.98907
  -1.90211  330.40349    5.06408  335.46757
  -1.89777  328.88317    5.06408  333.94725
  -1.89343  327.36404    5.06408  332.42813
  -1.88908  325.84613    5.06408  330.91022
  -1.88474  324.32945    5.06408  329.39353
  -1.88040  322.81401    5.06408  327.87809
  -1.87606  321.29983    5.06408  326.36391
  -1.87171  319.78693    5.06408  324.85101
  -1.86737  318.27531    5.06408  323.33939
  -1.86303  316.76500    5.06408  321.82908
  -1.85868  315.25601    5.06408  320.32010
  -1.85434  313.74837    5.06408  318.81245
  -1.85000  312.24208    5.06408  317.30616
  -1.84566  310.73716    5.06408  315.80124
  -1.84131  309.23363    5.06408  314.29771
  -1.83697  307.73151    5.06408  312.79559
  -1.83263  306.23081    5.06408  311.29489
  -1.82828  304.73155    5.06408  309.79563
  -1.82394  303.23375    5.06408  308.29783
  -1.81960  301.73743    5.06408  306.80151
  -1.81525  300.24260    5.06408  305.30668
  -1.81091  298.74928    5.06408  303.81336
  -1.80657  297.25749    5.06408  302.32158
  -1.80223  295.76726    5.06408  300.83134
  -1.79788  294.27858    5.06408  299.34267
  -1.79354  292.79150    5.06408  297.85558
  -1.78920  291.30602    5.06408  296.37010
  -1.78485  289.82216    5.06408  294.88625
  -1.78051  288.33995    5.06408  293.40403
  -1.77617  286.85940    5.06408  291.92348
  -1.77183  285.38053    5.06408  290.44461
  -1.76748  283.90336    5.06408  288.96744
  -1.76314  282.42791    5.06408  287.49199
  -1.75880  280.95420    5.06408  286.01829
  -1.75445  279.48226    5.06408  284.54634
  -1.75011  278.01210    5.06408  283.07618
  -1.74577  276.54374    5.06408  281.60782
  -1.74142  275.07720    5.06408  280.14128
  -1.73708  273.61250    5.06408  278.67659
  -1.73274  272.14968    5.06408  277.21376
  -1.72840  270.68873    5.06408  275.75282
  -1.72405  269.22970    5.06408  274.29378
  -1.71971  267.77259    5.06408  272.83667
  -1.71537  266.31744    5.06408  271.38152
  -1.71102  264.86425    5.06408  269.92833
  -1.70668  263.41306    5.06408  268.47715
  -1.70234  261.96389    5.06408  267.02797
  -1.69800  260.51676    5.06408  265.58084
  -1.69365  259.07168    5.06408  264.13577
  -1.68931  257.62869    5.06408  262.69278
  -1.68497  256.18781    5.06408  261.25190
  -1.68062  254.74906    5.06408  259.81314
  -1.67628  253.31246    5.06408  258.37654
  -1.67194  251.87804    5.06408  256.94212
  -1.66759  250.44581    5.06408  255.50990
  -1.66325  249.01581    5.06408  254.07990
  -1.65891  247.58806    5.06408  252.65214
  -1.65457  246.16258    5.06408  251.22666
  -1.65022  244.73939    5.06408  249.80347
  -1.64588  243.31852    5.06408  248.38260
  -1.64154  241.90000    5.06408  246.96408
  -1.63719  240.48384    5.06408  245.54792
  -1.63285  239.07007    5.06408  244.13416
  -1.62851  237.65872    5.06408  242.72281
  -1.62417  236.24982    5.06408  241.31390
  -1.61982  234.84338    5.06408  239.90746
  -1.61548  233.43943    5.06408  238.50352
  -1.61114  232.03801    5.06408  237.10209
  -1.60679  230.63912    5.06408  235.70320
  -1.60245  229.24280    5.06408  234.30689
  -1.59811  227.84908    5.06408  232.91317
  -1.59376  226.45798    5.06408  231.52206
  -1.58942  225.06953    5.06408  230.13361
  -1.58508  223.68374    5.06408  228.74783
  -1.58074  222.30066    5.06408  227.36474
  -1.57639  220.92030    5.06408  225.98439
  -1.57205  219.54270    5.06408  224.60678
  -1.56771  218.16787    5.06408  223.23195
  -1.56336  216.79585    5.06408  221.85993
  -1.55902  215.42666    5.06408  220.49074
  -1.55468  214.06032    5.06408  219.12441
  -1.55034  212.69688    5.06408  217.76096
  -1.54599  211.33635    5.06408  216.40043
  -1.54165  209.97875    5.06408  215.04284
  -1.53731  208.62413    5.06408  213.68821
  -1.53296  207.27250    5.06408  212.33658
  -1.52862  205.92389    5.06408  210.98797
  -1.52428  204.57833    5.06408  209.64242
  -1.51993  203.23585    5.06408  208.29994
  -1.51559  201.89648    5.06408  206.96056
  -1.51125  200.56024    5.06408  205.62432
  -1.50691  199.22716    5.06408  204.29124
  -1.50256  197.89727    5.06408  202.96136
  -1.49822  196.57060    5.06408  201.63468
  -1.49388  195.24718    5.06408  200.31126
  -1.48953  193.92702    5.06408  198.99111
  -1.48519  192.61018    5.06408  197.67426
  -1.48085  191.29666    5.06408  196.36074
  -1.47650  189.98650    5.06408  195.05058
  -1.47216  188.67972    5.06408  193.74381
  -1.46782  187.37637    5.06408  192.44045
  -1.46348  186.07646    5.06408  191.14054
  -1.45913  184.78002    5.06408  189.84410
  -1.45479  183.48708    5.06408  188.55116
  -1.45045  182.19767    5.06408  187.26175
  -1.44610  180.91182    5.06408  185.97590
  -1.44176  179.62956    5.06408  184.69364
  -1.43742  178.35091    5.06408  183.41499
  -1.43308  177.07591    5.06408  182.13999
  -1.42873  175.80458    5.06408  180.86866
  -1.42439  174.53695    5.06408  179.60103
  -1.42005  173.27305    5.06408  178.33714
  -1.41570  172.01292    5.06408  177.07700
  -1.41136  170.75656    5.06408  175.82065
  -1.40702  169.50403    5.06408  174.56811
  -1.40267  168.25534    5.06408  173.31942
  -1.39833  167.01052    5.06408  172.07460
  -1.39399  165.76960    5.06408  170.83369
  -1.38965  164.53262    5.06408  169.59670
  -1.38530  163.29959    5.06408  168.36367
  -1.38096  162.07055    5.06408  167.13463
  -1.37662  160.84552    5.06408  165.90961
  -1.37227  159.62454    5.06408  164.68862
  -1.36793  158.40763    5.06408  163.47171
  -1.36359  157.19481    5.06408  162.25890
  -1.35925  155.98613    5.06408  161.05021
  -1.35490  154.78160    5.06408  159.84568
  -1.35056  153.58125    5.06408  158.64533
  -1.34622  152.38511    5.06408  157.44919
  -1.34187  151.19321    5.06408  156.25729
  -1.33753  150.00557    5.06408  155.06966
  -1.33319  148.82223    5.06408  153.88632
  -1.32884  147.64321    5.06408  152.70730
  -1.32450  146.46854    5.06408  151.53262
  -1.32016  145.29824    5.06408  150.36232
  -1.31582  144.13234    5.06408  149.19642
  -1.31147  142.97087    5.06408  148.03495
  -1.30713  141.81385    5.06408  146.87793
  -1.30279  140.66131    5.06408  145.72540
  -1.29844  139.51328    5.06408  144.57737
  -1.29410  138.36979    5.06408  143.43387
  -1.28976  137.23085    5.06408  142.29493
  -1.28542  136.09650    5.06408  141.16058
  -1.28107  134.96675    5.06408  140.03083
  -1.27673  133.84164    5.06408  138.90573
  -1.27239  132.72119    5.06408  137.78528
  -1.26804  131.60543    5.06408  136.66951
  -1.26370  130.49438    5.06408  135.55846
  -1.25936  129.38806    5.06408  134.45214
  -1.25501  128.28650    5.06408  133.35058
  -1.25067  127.18972    5.06408  132.25380
  -1.24633  126.09774    5.06408  131.16183
  -1.24199  125.01060    5.06408  130.07469
  -1.23764  123.92831    5.06408  128.99240
  -1.23330  122.85090    5.06408  127.91498
  -1.22896  121.77838    5.06408  126.84247
  -1.22461  120.71079    5.06408  125.77487
  -1.22027  119.64814    5.06408  124.71222
  -1.21593  118.59046    5.06408  123.65454
  -1.21159  117.53776    5.06408  122.60184
  -1.20724  116.49007    5.06408  121.55415
  -1.20290  115.44741    5.06408  120.51149
  -1.19856  114.40980    5.06408  119.47388
  -1.19421  113.37726    5.06408  118.44134
  -1.18987  112.34981    5.06408  117.41389
  -1.18553  111.32747    5.06408  116.39156
  -1.18118  110.31027    5.06408  115.37435
  -1.17684  109.29821    5.06408  114.36229
  -1.17250  108.29132    5.06408  113.35540
  -1.16816  107.28961    5.06408  112.35369
  -1.16381  106.29311    5.06408  111.35719
  -1.15947  105.30183    5.06408  110.36592
  -1.15513  104.31579    5.06408  109.37988
  -1.15078  103.33501    5.06408  108.39910
  -1.14644  102.35950    5.06408  107.42359
  -1.14210  101.38928    5.06408  106.45337
  -1.13776  100.42437    5.06408  105.48845
  -1.13341   99.46478    5.06408  104.52886
  -1.12907   98.51052    5.06408  103.57461
  -1.12473   97.56162    5.06408  102.62570
  -1.12038   96.61808    5.06408  101.68216
  -1.11604   95.67992    5.06408  100.74400
  -1.11170   94.74715    5.06408   99.81123
  -1.10735   93.81978    5.06408   98.88387
  -1.10301   92.89784    5.06408   97.96192
  -1.09867   91.98132    5.06408   97.04541
  -1.09433   91.07025    5.06408   96.13434
  -1.08998   90.16464    5.06408   95.22872
  -1.08564   89.26448    5.06408   94.32857
  -1.08130   88.36981    5.06408   93.43389
  -1.07695   87.48061    5.06408   92.54470
  -1.07261   86.59692    5.06408   91.66100
  -1.06827   85.71872    5.06408   90.78281
  -1.06393   84.84604    5.06408   89.91013
  -1.05958   83.97889    5.06408   89.04297
  -1.05524   83.11726    5.06408   88.18134
  -1.05090   82.26117    5.06408   87.32525
  -1.04655   81.41062    5.06408   86.47470
  -1.04221   80.56562    5.06408   85.62970
  -1.03787   79.72618    5.06408   84.79026
  -1.03352   78.89229    5.06408   83.95638
  -1.02918   78.06398    5.06408   83.12806
  -1.02484   77.24124    5.06408   82.30532
  -1.02050   76.42407    5.06408   81.48815
  -1.01615   75.61248    5.06408   80.67656
  -1.01181   74.80647    5.06408   79.87055
  -1.00747   74.00604    5.06408   79.07013
  -1.00312   73.21121    5.06408   78.27529
  -0.99878   72.42196    5.06408   77.48604
  -0.99444   71.63830    5.06408   76.70238
  -0.99010   70.86023    5.06408   75.92431
  -0.98575   70.08775    5.06408   75.15183
  -0.98141   69.32086    5.06408   74.38495
  -0.97707   68.55956    5.06408   73.62365
  -0.97272   67.80385    5.06408   72.86794
  -0.96838   67.05373    5.06408   72.11781
  -0.96404   66.30919    5.06408   71.37327
  -0.95969   65.57023    5.06408   70.63431
  -0.95535   64.83685    5.06408   69.90093
  -0.95101   64.10904    5.06408   69.17312
  -0.94667   63.38680    5.06408   68.45089
  -0.94232   62.67013    5.06408   67.73421
  -0.93798   61.95902    5.06408   67.02310
  -0.93364   61.25347    5.06408   66.31755
  -0.92929   60.55346    5.06408   65.61754
  -0.92495   59.85899    5.06408   64.92308
  -0.92061   59.17006    5.06408   64.23415
  -0.91627   58.48666    5.06408   63.55074
  -0.91192   57.80878    5.06408   62.87286
  -0.90758   57.13641    5.06408   62.20049
  -0.90324   56.46954    5.06408   61.53362
  -0.89889   55.80816    5.06408   60.87224
  -0.89455   55.15226    5.06408   60.21634
  -0.89021   54.50184    5.06408   59.56592
  -0.88586   53.85687    5.06408   58.92096
  -0.88152   53.21736    5.06408   58.28144
  -0.87718   52.58329    5.06408   57.64737
  -0.87284   51.95464    5.06408   57.01872
  -0.86849   51.33140    5.06408   56.39548
  -0.86415   50.71356    5.06408   55.77765
  -0.85981   50.10111    5.06408   55.16520
  -0.85546   49.49404    5.06408   54.55812
  -0.85112   48.89231    5.06408   53.95640
  -0.84678   48.29594    5.06408   53.36002
  -0.84244   47.70489    5.06408   52.76897
  -0.83809   47.11915    5.06408   52.18323
  -0.83375   46.53871    5.06408   51.60279
  -0.82941   45.96354    5.06408   51.02762
  -0.82506   45.39364    5.06408   50.45772
  -0.82072   44.82898    5.06408   49.89306
  -0.81638   44.26955    5.06408   49.33363
  -0.81203   43.71533    5.06408   48.77941
  -0.80769   43.16629    5.06408   48.23038
  -0.80335   42.62243    5.06408   47.68651
  -0.79901   42.08372    5.06408   47.14780
  -0.79466   41.55014    5.06408   46.61422
  -0.79032   41.02167    5.06408   46.08576
  -0.78598   40.49830    5.06408   45.56238
  -0.78163   39.97999    5.06408   45.04407
  -0.77729   39.46673    5.06408   44.53081
  -0.77295   38.95850    5.06408   44.02258
  -0.76860   38.45527    5.06408   43.51936
  -0.76426   37.95703    5.06408   43.02111
  -0.75992   37.46375    5.06408   42.52783
  -0.75558   36.97540    5.06408   42.03949
  -0.75123   36.49197    5.06408   41.55606
  -0.74689   36.01343    5.06408   41.07752
  -0.74255   35.53976    5.06408   40.60384
  -0.73820   35.07093    5.06408   40.13501
  -0.73386   34.60692    5.06408   39.67100
  -0.72952   34.14770    5.06408   39.21178
  -0.72518   33.69324    5.06408   38.75733
  -0.72083   33.24354    5.06408   38.30762
  -0.71649   32.79855    5.06408   37.86263
  -0.71215   32.35825    5.06408   37.42233
  -0.70780   31.92261    5.06408   36.98670
  -0.70346   31.49162    5.06408   36.55570
  -0.69912   31.06524    5.06408   36.12932
  -0.69477   30.64344    5.06408   35.70752
  -0.69043   30.22620    5.06408   35.29028
  -0.68609   29.81349    5.06408   34.87758
  -0.68175   29.40529    5.06408   34.46937
  -0.67740   29.00156    5.06408   34.06565
  -0.67306   28.60228    5.06408   33.66637
  -0.66872   28.20742    5.06408   33.27151
  -0.66437   27.81696    5.06408   32.88104
  -0.66003   27.43085    5.06408   32.49493
  -0.65569   27.04908    5.06408   32.11316
  -0.65135   26.67162    5.06408   31.73570
  -0.64700   26.29843    5.06408   31.36251
  -0.64266   25.92949    5.06408   30.99357
  -0.63832   25.56476    5.06408   30.62885
  -0.63397   25.20423    5.06408   30.26831
  -0.62963   24.84785    5.06408   29.91194
  -0.62529   24.49561    5.06408   29.55969
  -0.62094   24.14746    5.06408   29.21154
  -0.61660   23.80338    5.06408   28.86747
  -0.61226   23.46334    5.06408   28.52743
  -0.60792   23.12731    5.06408   28.19140
  -0.60357   22.79526    5.06408   27.85935
  -0.59923   22.46716    5.06408   27.53125
  -0.59489   22.14298    5.06408   27.20706
  -0.59054   21.82268    5.06408   26.88677
  -0.58620   21.50625    5.06408   26.57033
  -0.58186   21.19363    5.06408   26.25772
  -0.57752   20.88482    5.06408   25.94890
  -0.57317   20.57977    5.06408   25.64385
  -0.56883   20.27845    5.06408   25.34253
  -0.56449   19.98083    5.06408   25.04492
  -0.56014   19.68689    5.06408   24.75097
  -0.55580   19.39659    5.06408   24.46067
  -0.55146   19.10990    5.06408   24.17398
  -0.54711   18.82679    5.06408   23.89087
  -0.54277   18.54723    5.06408   23.61131
  -0.53843   18.27119    5.06408   23.33527
  -0.53409   17.99863    5.06408   23.06271
  -0.52974   17.72953    5.06408   22.79361
  -0.52540   17.46385    5.06408   22.52794
  -0.52106   17.20157    5.06408   22.26565
  -0.51671   16.94265    5.06408   22.00673
  -0.51237   16.68706    5.06408   21.75115
  -0.50803   16.43478    5.06408   21.49886
  -0.50369   16.18577    5.06408   21.24985
  -0.49934   15.93999    5.06408   21.00408
  -0.49500   15.69743    5.06408   20.76151
  -0.49066   15.45804    5.06408   20.52212
  -0.48631   15.22180    5.06408   20.28589
  -0.48197   14.98868    5.06408   20.05277
  -0.47763   14.75865    5.06408   19.82273
  -0.47328   14.53167    5.06408   19.59576
  -0.46894   14.30773    5.06408   19.37181
  -0.46460   14.08677    5.06408   19.15086
  -0.46026   13.86879    5.06408   18.93287
  -0.45591   13.65374    5.06408   18.71782
  -0.45157   13.44160    5.06408   18.50568
  -0.44723   13.23233    5.06408   18.29641
  -0.44288   13.02591    5.06408   18.08999
  -0.43854   12.82231    5.06408   17.88639
  -0.43420   12.62149    5.06408   17.68558
  -0.42986   12.42344    5.06408   17.48752
  -0.42551   12.22811    5.06408   17.29220
  -0.42117   12.03549    5.06408   17.09957
  -0.41683   11.84554    5.06408   16.90962
  -0.41248   11.65822    5.06408   16.72231
  -0.40814   11.47353    5.06408   16.53761
  -0.40380   11.29142    5.06408   16.35550
  -0.39945   11.11186    5.06408   16.17594
  -0.39511   10.93483    5.06408   15.99892
  -0.39077   10.76031    5.06408   15.82439
  -0.38643   10.58825    5.06408   15.65234
  -0.38208   10.41865    5.06408   15.48273
  -0.37774   10.25145    5.05818   15.30963
  -0.37340   10.08665    5.04905   15.13570
  -0.36905    9.92421    5.03990   14.96411
  -0.36471    9.76410    5.03071   14.79481
  -0.36037    9.60631    5.02147   14.62778
  -0.35603    9.45079    5.01220   14.46299
  -0.35168    9.29753    5.00290   14.30042
  -0.34734    9.14649    4.99355   14.14004
  -0.34300    8.99766    4.98416   13.98182
  -0.33865    8.85100    4.97474   13.82573
  -0.33431    8.70649    4.96529   13.67178
  -0.32997    8.56410    4.95579   13.51989
  -0.32562    8.42381    4.94626   13.37008
  -0.32128    8.28560    4.93668   13.22228
  -0.31694    8.14943    4.92708   13.07651
  -0.31260    8.01528    4.91743   12.93272
  -0.30825    7.88313    4.90775   12.79089
  -0.30391    7.75296    4.89803   12.65099
  -0.29957    7.62473    4.88827   12.51300
  -0.29522    7.49842    4.87847   12.37689
  -0.29088    7.37401    4.86864   12.24265
  -0.28654    7.25148    4.85877   12.11026
  -0.28220    7.13080    4.84886   11.97967
  -0.27785    7.01195    4.83892   11.85087
  -0.27351    6.89491    4.82893   11.72384
  -0.26917    6.77964    4.81891   11.59855
  -0.26482    6.66614    4.80885   11.47499
  -0.26048    6.55437    4.79875   11.35312
  -0.25614    6.44431    4.78862   11.23294
  -0.25179    6.33595    4.77845   11.11439
  -0.24745    6.22925    4.76824   10.99749
  -0.24311    6.12420    4.75800   10.88220
  -0.23877    6.02078    4.74771   10.76849
  -0.23442    5.91896    4.73739   10.65635
  -0.23008    5.81872    4.72703   10.54575
  -0.22574    5.72004    4.71663   10.43668
  -0.22139    5.62291    4.70621   10.32911
  -0.21705    5.52729    4.69573   10.22302
  -0.21271    5.43317    4.68523   10.11840
  -0.20837    5.34053    4.67468   10.01521
  -0.20402    5.24935    4.66409    9.91344
  -0.19968    5.15961    4.65348    9.81309
  -0.19534    5.07128    4.64282    9.71410
  -0.19099    4.98436    4.63212    9.61648
  -0.18665    4.89881    4.62140    9.52021
  -0.18231    4.81463    4.61063    9.42526
  -0.17796    4.73179    4.59983    9.33161
  -0.17362    4.65027    4.58898    9.23925
  -0.16928    4.57005    4.57810    9.14815
  -0.16494    4.49112    4.56719    9.05831
  -0.16059    4.41346    4.55623    8.96969
  -0.15625    4.33705    4.54524    8.88229
  -0.15191    4.26187    4.53422    8.79609
  -0.14756    4.18790    4.52316    8.71106
  -0.14322    4.11514    4.51206    8.62720
  -0.13888    4.04355    4.50093    8.54448
  -0.13453    3.97313    4.48975    8.46288
  -0.13019    3.90385    4.47854    8.38239
  -0.12585    3.83570    4.46731    8.30300
  -0.12151    3.76866    4.45602    8.22468
  -0.11716    3.70272    4.44470    8.14743
  -0.11282    3.63787    4.43336    8.07122
  -0.10848    3.57408    4.42198    7.99605
  -0.10413    3.51133    4.41055    7.92188
  -0.09979    3.44962    4.39909    7.84872
  -0.09545    3.38893    4.38759    7.77652
  -0.09111    3.32925    4.37607    7.70531
  -0.08676    3.27055    4.36450    7.63505
  -0.08242    3.21282    4.35291    7.56573
  -0.07808    3.15606    4.34126    7.49732
  -0.07373    3.10024    4.32960    7.42984
  -0.06939    3.04535    4.31789    7.36324
  -0.06505    2.99137    4.30614    7.29751
  -0.06070    2.93830    4.29437    7.23267
  -0.05636    2.88612    4.28257    7.16869
  -0.05202    2.83481    4.27072    7.10554
  -0.04768    2.78437    4.25884    7.04321
  -0.04333    2.73478    4.24692    6.98169
  -0.03899    2.68602    4.23498    6.92099
  -0.03465    2.63808    4.22300    6.86108
  -0.03030    2.59095    4.21099    6.80194
  -0.02596    2.54463    4.19893    6.74356
  -0.02162    2.49908    4.18685    6.68594
  -0.01728    2.45431    4.17474    6.62905
  -0.01293    2.41031    4.16258    6.57289
  -0.00859    2.36705    4.15040    6.51745
  -0.00425    2.32453    4.13818    6.46271
   0.00010    2.28273    4.12593    6.40866
   0.00444    2.24165    4.11364    6.35529
   0.00878    2.20128    4.10133    6.30261
   0.01313    2.16159    4.08898    6.25057
   0.01747    2.12259    4.07660    6.19919
   0.02181    2.08426    4.06419    6.14845
   0.02615    2.04659    4.05174    6.09832
   0.03050    2.00956    4.03927    6.04883
   0.03484    1.97318    4.02675    5.99993
   0.03918    1.93743    4.01422    5.95164
   0.04353    1.90229    4.00164    5.90393
   0.04787    1.86776    3.98904    5.85680
   0.05221    1.83384    3.97640    5.81023
   0.05655    1.80050    3.96372    5.76421
   0.06090    1.76774    3.95103    5.71877
   0.06524    1.73555    3.93829    5.67384
   0.06958    1.70392    3.92553    5.62946
   0.07393    1.67285    3.91275    5.58561
   0.07827    1.64232    3.89992    5.54224
   0.08261    1.61232    3.88708    5.49940
   0.08696    1.58285    3.87419    5.45704
   0.09130    1.55390    3.86129    5.41518
   0.09564    1.52545    3.84834    5.37379
   0.09998    1.49750    3.83538    5.33288
   0.10433    1.47005    3.82239    5.29244
   0.10867    1.44308    3.80936    5.25244
   0.11301    1.41658    3.79631    5.21289
   0.11736    1.39056    3.78322    5.17378
   0.12170    1.36499    3.77011    5.13510
   0.12604    1.33988    3.75697    5.09684
   0.13038    1.31521    3.74381    5.05902
   0.13473    1.29098    3.73061    5.02159
   0.13907    1.26718    3.71738    4.98456
   0.14341    1.24380    3.70415    4.94795
   0.14776    1.22083    3.69087    4.91170
   0.15210    1.19828    3.67756    4.87584
   0.15644    1.17613    3.66424    4.84037
   0.16079    1.15437    3.65089    4.80527
   0.16513    1.13301    3.63751    4.77052
   0.16947    1.11202    3.62411    4.73613
   0.17381    1.09141    3.61067    4.70208
   0.17816    1.07117    3.59721    4.66838
   0.18250    1.05129    3.58374    4.63503
   0.18684    1.03177    3.57022    4.60199
   0.19119    1.01260    3.55669    4.56929
   0.19553    0.99378    3.54314    4.53691
   0.19987    0.97529    3.52956    4.50485
   0.20421    0.95714    3.51596    4.47310
   0.20856    0.93931    3.50233    4.44164
   0.21290    0.92181    3.48869    4.41050
   0.21724    0.90462    3.47502    4.37964
   0.22159    0.88774    3.46133    4.34907
   0.22593    0.87117    3.44761    4.31878
   0.23027    0.85490    3.43387    4.28877
   0.23462    0.83892    3.42011    4.25903
   0.23896    0.82323    3.40634    4.22957
   0.24330    0.80783    3.39254    4.20037
   0.24764    0.79271    3.37871    4.17142
   0.25199    0.77786    3.36486    4.14272
   0.25633    0.76329    3.35100    4.11429
   0.26067    0.74897    3.33712    4.08610
   0.26502    0.73492    3.32322    4.05814
   0.26936    0.72113    3.30929    4.03042
   0.27370    0.70759    3.29536    4.00294
   0.27804    0.69429    3.28140    3.97569
   0.28239    0.68124    3.26743    3.94867
   0.28673    0.66843    3.25343    3.92186
   0.29107    0.65585    3.23941    3.89526
   0.29542    0.64350    3.22540    3.86890
   0.29976    0.63138    3.21135    3.84273
   0.30410    0.61949    3.19728    3.81677
   0.30845    0.60781    3.18320    3.79101
   0.31279    0.59634    3.16909    3.76543
   0.31713    0.58509    3.15498    3.74007
   0.32147    0.57404    3.14085    3.71489
   0.32582    0.56320    3.12671    3.68991
   0.33016    0.55255    3.11255    3.66511
   0.33450    0.54211    3.09838    3.64049
   0.33885    0.53185    3.08421    3.61606
   0.34319    0.52179    3.07001    3.59180
   0.34753    0.51191    3.05580    3.56771
   0.35187    0.50222    3.04156    3.54378
   0.35622    0.49270    3.02732    3.52002
   0.36056    0.48336    3.01308    3.49644
   0.36490    0.47419    2.99882    3.47302
   0.36925    0.46520    2.98454    3.44974
   0.37359    0.45637    2.97026    3.42662
   0.37793    0.44770    2.95598    3.40368
   0.38228    0.43920    2.94166    3.38086
   0.38662    0.43085    2.92735    3.35820
   0.39096    0.42266    2.91302    3.33568
   0.39530    0.41462    2.89869    3.31331
   0.39965    0.40673    2.88435    3.29108
   0.40399    0.39899    2.87000    3.26899
   0.40833    0.39139    2.85564    3.24703
   0.41268    0.38394    2.84128    3.22521
   0.41702    0.37662    2.82690    3.20352
   0.42136    0.36944    2.81253    3.18197
   0.42570    0.36239    2.79815    3.16055
   0.43005    0.35548    2.78376    3.13924
   0.43439    0.34870    2.76935    3.11804
   0.43873    0.34204    2.75496    3.09700
   0.44308    0.33551    2.74055    3.07606
   0.44742    0.32910    2.72615    3.05524
   0.45176    0.32281    2.71172    3.03453
   0.45611    0.31663    2.69731    3.01395
   0.46045    0.31058    2.68289    2.99347
   0.46479    0.30464    2.66847    2.97311
   0.46913    0.29881    2.65404    2.95285
   0.47348    0.29308    2.63960    2.93269
   0.47782    0.28747    2.62518    2.91265
   0.48216    0.28196    2.61076    2.89272
   0.48651    0.27656    2.59632    2.87288
   0.49085    0.27126    2.58190    2.85315
   0.49519    0.26606    2.56746    2.83351
   0.49953    0.26095    2.55303    2.81399
   0.50388    0.25594    2.53861    2.79456
   0.50822    0.25103    2.52418    2.77521
   0.51256    0.24621    2.50975    2.75596
   0.51691    0.24148    2.49534    2.73682
   0.52125    0.23684    2.48092    2.71776
   0.52559    0.23229    2.46650    2.69879
   0.52994    0.22782    2.45209    2.67991
   0.53428    0.22344    2.43768    2.66112
   0.53862    0.21914    2.42329    2.64243
   0.54296    0.21493    2.40890    2.62383
   0.54731    0.21079    2.39451    2.60529
   0.55165    0.20673    2.38011    2.58684
   0.55599    0.20275    2.36574    2.56849
   0.56034    0.19884    2.35138    2.55022
   0.56468    0.19501    2.33702    2.53203
   0.56902    0.19125    2.32267    2.51393
   0.57337    0.18756    2.30833    2.49589
   0.57771    0.18395    2.29398    2.47793
   0.58205    0.18040    2.27967    2.46007
   0.58639    0.17692    2.26536    2.44227
   0.59074    0.17350    2.25104    2.42454
   0.59508    0.17015    2.23676    2.40691
   0.59942    0.16686    2.22248    2.38934
   0.60377    0.16364    2.20821    2.37185
   0.60811    0.16048    2.19394    2.35442
   0.61245    0.15738    2.17971    2.33708
   0.61679    0.15433    2.16547    2.31981
   0.62114    0.15135    2.15127    2.30262
   0.62548    0.14842    2.13706    2.28548
   0.62982    0.14555    2.12287    2.26842
   0.63417    0.14273    2.10870    2.25143
   0.63851    0.13997    2.09454    2.23451
   0.64285    0.13726    2.08042    2.21767
   0.64720    0.13460    2.06629    2.20089
   0.65154    0.13199    2.05219    2.18419
   0.65588    0.12944    2.03810    2.16753
   0.66022    0.12693    2.02404    2.15096
   0.66457    0.12447    2.00999    2.13445
   0.66891    0.12205    1.99597    2.11802
   0.67325    0.11968    1.98195    2.10164
   0.67760    0.11736    1.96797    2.08533
   0.68194    0.11509    1.95399    2.06908
   0.68628    0.11285    1.94006    2.05291
   0.69062    0.11066    1.92613    2.03679
   0.69497    0.10851    1.91224    2.02075
   0.69931    0.10640    1.89836    2.00477
   0.70365    0.10434    1.88450    1.98884
   0.70800    0.10231    1.87067    1.97298
   0.71234    0.10032    1.85687    1.95719
   0.71668    0.09837    1.84309    1.94146
   0.72103    0.09646    1.82934    1.92580
   0.72537    0.09458    1.81562    1.91020
   0.72971    0.09274    1.80191    1.89466
   0.73405    0.09094    1.78824    1.87918
   0.73840    0.08917    1.77460    1.86377
   0.74274    0.08743    1.76099    1.84842
   0.74708    0.08573    1.74739    1.83312
   0.75143    0.08406    1.73384    1.81790
   0.75577    0.08242    1.72031    1.80273
   0.76011    0.08082    1.70681    1.78762
   0.76445    0.07924    1.69334    1.77258
   0.76880    0.07770    1.67991    1.75761
   0.77314    0.07618    1.66650    1.74269
   0.77748    0.07470    1.65312    1.72782
   0.78183    0.07324    1.63979    1.71304
   0.78617    0.07181    1.62648    1.69829
   0.79051    0.07041    1.61321    1.68363
   0.79486    0.06904    1.59998    1.66901
   0.79920    0.06769    1.58677    1.65446
   0.80354    0.06637    1.57361    1.63998
   0.80788    0.06507    1.56048    1.62555
   0.81223    0.06380    1.54738    1.61119
   0.81657    0.06256    1.53433    1.59688
   0.82091    0.06134    1.52131    1.58264
   0.82526    0.06014    1.50833    1.56847
   0.82960    0.05896    1.49539    1.55435
   0.83394    0.05781    1.48248    1.54029
   0.83828    0.05668    1.46962    1.52630
   0.84263    0.05557    1.45680    1.51237
   0.84697    0.05448    1.44402    1.49850
   0.85131    0.05342    1.43128    1.48469
   0.85566    0.05237    1.41858    1.47095
   0.86000    0.05135    1.40592    1.45727
   0.86434    0.05034    1.39331    1.44365
   0.86869    0.04936    1.38074    1.43009
   0.87303    0.04839    1.36821    1.41660
   0.87737    0.04744    1.35573    1.40317
   0.88171    0.04651    1.34328    1.38980
   0.88606    0.04560    1.33089    1.37649
   0.89040    0.04471    1.31854    1.36325
   0.89474    0.04383    1.30624    1.35007
   0.89909    0.04297    1.29398    1.33696
   0.90343    0.04213    1.28177    1.32390
   0.90777    0.04131    1.26961    1.31092
   0.91211    0.04050    1.25750    1.29799
   0.91646    0.03970    1.24544    1.28514
   0.92080    0.03892    1.23342    1.27234
   0.92514    0.03816    1.22145    1.25961
   0.92949    0.03741    1.20953    1.24694
   0.93383    0.03667    1.19767    1.23434
   0.93817    0.03595    1.18585    1.22181
   0.94252    0.03525    1.17409    1.20933
   0.94686    0.03456    1.16237    1.19693
   0.95120    0.03388    1.15071    1.18458
   0.95554    0.03321    1.13910    1.17231
   0.95989    0.03256    1.12754    1.16010
   0.96423    0.03192    1.11604    1.14796
   0.96857    0.03129    1.10459    1.13588
   0.97292    0.03068    1.09319    1.12387
   0.97726    0.03007    1.08186    1.11193
   0.98160    0.02948    1.07057    1.10005
   0.98594    0.02890    1.05934    1.08824
   0.99029    0.02833    1.04816    1.07650
   0.99463    0.02777    1.03705    1.06482
   0.99897    0.02723    1.02598    1.05321
   1.00332    0.02669    1.01498    1.04168
   1.00766    0.02617    1.00403    1.03020
   1.01200    0.02565    0.99314    1.01879
   1.01635    0.02515    0.98231    1.00745
   1.02069    0.02465    0.97154    0.99619
   1.02503    0.02416    0.96083    0.98499
   1.02937    0.02369    0.95018    0.97386
   1.03372    0.02322    0.93958    0.96280
   1.03806    0.02276    0.92904    0.95181
   1.04240    0.02231    0.91857    0.94088
   1.04675    0.02187    0.90816    0.93003
   1.05109    0.02144    0.89781    0.91926
   1.05543    0.02102    0.88752    0.90854
   1.05977    0.02060    0.87729    0.89790
   1.06412    0.02020    0.86713    0.88732
   1.06846    0.01980    0.85702    0.87682
   1.07280    0.01941    0.84699    0.86639
   1.07715    0.01902    0.83701    0.85603
   1.08149    0.01865    0.82710    0.84574
   1.08583    0.01828    0.81724    0.83552
   1.09018    0.01792    0.80746    0.82538
   1.09452    0.01756    0.79774    0.81530
   1.09886    0.01722    0.78808    0.80529
   1.10320    0.01688    0.77848    0.79536
   1.10755    0.01654    0.76895    0.78549
   1.11189    0.01621    0.75949    0.77570
   1.11623    0.01589    0.75009    0.76598
   1.12058    0.01558    0.74076    0.75634
   1.12492    0.01527    0.73149    0.74676
   1.12926    0.01497    0.72229    0.73726
   1.13360    0.01467    0.71316    0.72783
   1.13795    0.01438    0.70410    0.71847
   1.14229    0.01409    0.69509    0.70918
   1.14663    0.01381    0.68616    0.69997
   1.15098    0.01354    0.67729    0.69084
   1.15532    0.01327    0.66850    0.68177
   1.15966    0.01301    0.65976    0.67277
   1.16401    0.01275    0.65110    0.66385
   1.16835    0.01250    0.64250    0.65500
   1.17269    0.01225    0.63398    0.64622
   1.17703    0.01201    0.62552    0.63752
   1.18138    0.01177    0.61713    0.62890
   1.18572    0.01153    0.60881    0.62034
   1.19006    0.01130    0.60055    0.61186
   1.19441    0.01108    0.59237    0.60345
   1.19875    0.01086    0.58425    0.59511
   1.20309    0.01064    0.57621    0.58685
   1.20743    0.01043    0.56823    0.57866
   1.21178    0.01022    0.56032    0.57054
   1.21612    0.01002    0.55248    0.56250
   1.22046    0.00982    0.54471    0.55453
   1.22481    0.00962    0.53701    0.54664
   1.22915    0.00943    0.52938    0.53881
   1.23349    0.00924    0.52182    0.53106
   1.23784    0.00906    0.51433    0.52339
   1.24218    0.00888    0.50690    0.51578
   1.24652    0.00870    0.49955    0.50825
   1.25086    0.00853    0.49227    0.50079
   1.25521    0.00836    0.48505    0.49341
   1.25955    0.00819    0.47791    0.48610
   1.26389    0.00803    0.47084    0.47886
   1.26824    0.00787    0.46383    0.47169
   1.27258    0.00771    0.45689    0.46460
   1.27692    0.00755    0.45002    0.45758
   1.28127    0.00740    0.44323    0.45063
   1.28561    0.00725    0.43650    0.44375
   1.28995    0.00711    0.42984    0.43695
   1.29429    0.00697    0.42325    0.43022
   1.29864    0.00683    0.41673    0.42356
   1.30298    0.00669    0.41028    0.41697
   1.30732    0.00656    0.40390    0.41045
   1.31167    0.00642    0.39758    0.40400
   1.31601    0.00629    0.39134    0.39763
   1.32035    0.00617    0.38516    0.39133
   1.32469    0.00604    0.37905    0.38509
   1.32904    0.00592    0.37301    0.37893
   1.33338    0.00580    0.36704    0.37284
   1.33772    0.00569    0.36113    0.36682
   1.34207    0.00557    0.35530    0.36087
   1.34641    0.00546    0.34953    0.35499
   1.35075    0.00535    0.34382    0.34917
   1.35510    0.00524    0.33819    0.34343
   1.35944    0.00514    0.33262    0.33776
   1.36378    0.00503    0.32712    0.33215
   1.36812    0.00493    0.32168    0.32661
   1.37247    0.00483    0.31632    0.32115
   1.37681    0.00473    0.31101    0.31575
   1.38115    0.00464    0.30578    0.31041
   1.38550    0.00454    0.30060    0.30515
   1.38984    0.00445    0.29550    0.29995
   1.39418    0.00436    0.29045    0.29481
   1.39852    0.00427    0.28548    0.28975
   1.40287    0.00418    0.28056    0.28475
   1.40721    0.00410    0.27571    0.27981
   1.41155    0.00402    0.27093    0.27494
   1.41590    0.00393    0.26620    0.27014
   1.42024    0.00385    0.26154    0.26540
   1.42458    0.00378    0.25695    0.26072
   1.42893    0.00370    0.25241    0.25611
   1.43327    0.00362    0.24794    0.25156
   1.43761    0.00355    0.24353    0.24708
   1.44195    0.00348    0.23918    0.24266
   1.44630    0.00341    0.23489    0.23830
   1.45064    0.00334    0.23066    0.23400
   1.45498    0.00327    0.22650    0.22976
   1.45933    0.00320    0.22239    0.22559
   1.46367    0.00313    0.21834    0.22147
   1.46801    0.00307    0.21435    0.21742
   1.47235    0.00301    0.21042    0.21342
   1.47670    0.00295    0.20654    0.20949
   1.48104    0.00288    0.20273    0.20561
   1.48538    0.00282    0.19897    0.20179
   1.48973    0.00277    0.19527    0.19803
   1.49407    0.00271    0.19162    0.19433
   1.49841    0.00265    0.18803    0.19068
   1.50276    0.00260    0.18450    0.18709
   1.50710    0.00254    0.18102    0.18356
   1.51144    0.00249    0.17759    0.18009
   1.51578    0.00244    0.17422    0.17666
   1.52013    0.00239    0.17091    0.17330
   1.52447    0.00234    0.16764    0.16998
   1.52881    0.00229    0.16444    0.16673
   1.53316    0.00224    0.16128    0.16352
   1.53750    0.00220    0.15817    0.16037
   1.54184    0.00215    0.15512    0.15727
   1.54618    0.00210    0.15211    0.15422
   1.55053    0.00206    0.14916    0.15122
   1.55487    0.00202    0.14626    0.14827
   1.55921    0.00197    0.14340    0.14538
   1.56356    0.00193    0.14060    0.14253
   1.56790    0.00189    0.13784    0.13973
   1.57224    0.00185    0.13513    0.13698
   1.57659    0.00181    0.13247    0.13428
   1.58093    0.00177    0.12985    0.13163
   1.58527    0.00174    0.12729    0.12902
   1.58961    0.00170    0.12476    0.12646
   1.59396    0.00166    0.12229    0.12395
   1.59830    0.00163    0.11985    0.12148
   1.60264    0.00159    0.11746    0.11906
   1.60699    0.00156    0.11512    0.11668
   1.61133    0.00153    0.11282    0.11434
   1.61567    0.00149    0.11055    0.11205
   1.62001    0.00146    0.10834    0.10980
   1.62436    0.00143    0.10616    0.10759
   1.62870    0.00140    0.10403    0.10542
   1.63304    0.00137    0.10193    0.10330
   1.63739    0.00134    0.09987    0.10121
   1.64173    0.00131    0.09786    0.09917
   1.64607    0.00128    0.09588    0.09716
   1.65042    0.00125    0.09394    0.09519
   1.65476    0.00123    0.09204    0.09327
   1.65910    0.00120    0.09018    0.09137
   1.66344    0.00117    0.08835    0.08952
   1.66779    0.00115    0.08656    0.08770
   1.67213    0.00112    0.08480    0.08592
   1.67647    0.00110    0.08308    0.08418
   1.68082    0.00107    0.08140    0.08247
   1.68516    0.00105    0.07974    0.08079
   1.68950    0.00102    0.07813    0.07915
   1.69384    0.00100    0.07654    0.07754
   1.69819    0.00098    0.07499    0.07597
   1.70253    0.00096    0.07347    0.07442
   1.70687    0.00093    0.07198    0.07291
   1.71122    0.00091    0.07052    0.07143
   1.71556    0.00089    0.06909    0.06999
   1.71990    0.00087    0.06770    0.06857
   1.72425    0.00085    0.06633    0.06718
   1.72859    0.00083    0.06499    0.06582
   1.73293    0.00081    0.06368    0.06449
   1.73727    0.00079    0.06240    0.06319
   1.74162    0.00078    0.06114    0.06192
   1.74596    0.00076    0.05991    0.06067
   1.75030    0.00074    0.05871    0.05945
   1.75465    0.00072    0.05754    0.05826
   1.75899    0.00070    0.05639    0.05709
   1.76333    0.00069    0.05527    0.05595
   1.76767    0.00067    0.05417    0.05484
   1.77202    0.00065    0.05309    0.05375
   1.77636    0.00064    0.05204    0.05268
   1.78070    0.00062    0.05101    0.05164
   1.78505    0.00061    0.05001    0.05062
   1.78939    0.00059    0.04903    0.04962
   1.79373    0.00058    0.04807    0.04864
   1.79808    0.00056    0.04713    0.04769
   1.80242    0.00055    0.04621    0.04676
   1.80676    0.00054    0.04531    0.04585
   1.81110    0.00052    0.04444    0.04496
   1.81545    0.00051    0.04358    0.04409
   1.81979    0.00050    0.04274    0.04324
   1.82413    0.00048    0.04192    0.04241
   1.82848    0.00047    0.04112    0.04159
   1.83282    0.00046    0.04034    0.04080
   1.83716    0.00044    0.03958    0.04003
   1.84150    0.00043    0.03884    0.03927
   1.84585    0.00042    0.03811    0.03853
   1.85019    0.00041    0.03740    0.03781
   1.85453    0.00040    0.03670    0.03710
   1.85888    0.00039    0.03602    0.03641
   1.86322    0.00038    0.03536    0.03573
   1.86756    0.00037    0.03471    0.03507
   1.87191    0.00035    0.03408    0.03443
   1.87625    0.00034    0.03346    0.03380
   1.88059    0.00033    0.03285    0.03319
   1.88493    0.00032    0.03226    0.03259
   1.88928    0.00031    0.03168    0.03200
   1.89362    0.00030    0.03112    0.03143
   1.89796    0.00029    0.03057    0.03086
   1.90231    0.00028    0.03003    0.03032
   1.90665    0.00028    0.02951    0.02978
   1.91099    0.00027    0.02899    0.02926
   1.91533    0.00026    0.02849    0.02875
   1.91968    0.00025    0.02800    0.02825
   1.92402    0.00024    0.02752    0.02776
   1.92836    0.00023    0.02706    0.02729
   1.93271    0.00022    0.02660    0.02682
   1.93705    0.00021    0.02615    0.02636
   1.94139    0.00021    0.02571    0.02592
   1.94574    0.00020    0.02529    0.02548
   1.95008    0.00019    0.02487    0.02506
   1.95442    0.00018    0.02446    0.02464
