2.770307731043392778e+03 9.876765760106742675e-01
2.770945691416928184e+03 9.613144646404558902e-01
2.771583798703181856e+03 1.002510869112933634e+00
2.772222052935985175e+03 9.948840108713766783e-01
2.772860454149177713e+03 9.916774579118632360e-01
2.773499002376606768e+03 1.005843472158661100e+00
2.774137697652127827e+03 1.003108160773845015e+00
2.774776540009604105e+03 1.017778927703096414e+00
2.775415529482905640e+03 1.012188013885618521e+00
2.776054666105911110e+03 1.022941894566277377e+00
2.776693949912507378e+03 9.959869443170733527e-01
2.777333380936588128e+03 9.989404865653765953e-01
2.777972959212055684e+03 1.012225595762469510e+00
2.778612684772820103e+03 9.950601670961798373e-01
2.779252557652798259e+03 9.712945046324822362e-01
2.779892577885915671e+03 9.668866524332730972e-01
2.780532745506106039e+03 9.695544719969715342e-01
2.781173060547310342e+03 9.848086402478581913e-01
2.781813523043476835e+03 9.881640260737699633e-01
2.782454133028562865e+03 1.006411398188556294e+00
2.783094890536532603e+03 1.006067160299113805e+00
2.783735795601358404e+03 1.005252122943852022e+00
2.784376848257020811e+03 1.007400788131372016e+00
2.785018048537506729e+03 9.988171191604954258e-01
2.785659396476813072e+03 1.027691402219619743e+00
2.786300892108942662e+03 1.038992513132329432e+00
2.786942535467907419e+03 1.007804621425181457e+00
2.787584326587726082e+03 9.845646145884789924e-01
2.788226265502426486e+03 9.847394425105936433e-01
2.788868352246043287e+03 9.916407176236849974e-01
2.789510586852619326e+03 9.386823061400946244e-01
2.790152969356204721e+03 9.367377119070776637e-01
2.790795499790858685e+03 9.380198703137795357e-01
2.791438178190646795e+03 9.027224097846663353e-01
2.792081004589643726e+03 8.457544628941855436e-01
2.792723979021931427e+03 7.891745140593307006e-01
2.793367101521599579e+03 7.444262743219851597e-01
2.794010372122746048e+03 6.575873853181195550e-01
2.794653790859476430e+03 6.147320897555037522e-01
2.795297357765903598e+03 6.483473982552605541e-01
2.795941072876149519e+03 7.645988664110613398e-01
2.796584936224342982e+03 9.337527192542085519e-01
2.797228947844620961e+03 1.094594551304949537e+00
2.797873107771128616e+03 1.101650531343498107e+00
2.798517416038017927e+03 1.028128981425749711e+00
2.799161872679449971e+03 9.112564823236375400e-01
2.799806477729593098e+03 8.381149974882673437e-01
2.800451231222623846e+03 7.526787378932522365e-01
2.801096133192726029e+03 6.368788657575488177e-01
2.801741183674091644e+03 5.873411887624301331e-01
2.802386382700920876e+03 5.963107642010503362e-01
2.803031730307421640e+03 6.311000835683612253e-01
2.803677226527809125e+03 8.030075667753983071e-01
2.804322871396307619e+03 9.518138147375970748e-01
2.804968664947147772e+03 1.018723438167135065e+00
2.805614607214569332e+03 1.013090487441931531e+00
2.806260698232819323e+03 1.009832743981316616e+00
2.806906938036152951e+03 9.692466173642908522e-01
2.807553326658833157e+03 9.899990164468215337e-01
2.808199864135130611e+03 9.911578783771136658e-01
2.808846550499324167e+03 1.002253035732252551e+00
2.809493385785700866e+03 9.866311834582988105e-01
2.810140370028555026e+03 9.832050072102005434e-01
2.810787503262188693e+03 1.006580455971249011e+00
2.811434785520913010e+03 9.815769173975701367e-01
2.812082216839045486e+03 9.409028691607205230e-01
2.812729797250912725e+03 9.754719498718723569e-01
2.813377526790848151e+03 9.923740808441657846e-01
2.814025405493194285e+03 1.015071259820654381e+00
2.814673433392301376e+03 9.922728412108596796e-01
2.815321610522526043e+03 1.007137563271281566e+00
2.815969936918235362e+03 9.962946910998731198e-01
2.816618412613801411e+03 9.913021718683736605e-01
2.817267037643607182e+03 9.920174940955894805e-01
2.817915812042041125e+03 9.640601841480624934e-01
2.818564735843501239e+03 9.842826237538282452e-01
2.819213809082391890e+03 1.009623863293398482e+00
2.819863031793127448e+03 1.015355089451909443e+00
2.820512404010128193e+03 1.003941301509303052e+00
2.821161925767823504e+03 9.942586615972366371e-01
2.821811597100650488e+03 9.990543844473285251e-01
2.822461418043053527e+03 9.775980256761163112e-01
2.823111388629486100e+03 1.000915884409010914e+00
2.823761508894408507e+03 1.007299769550453306e+00
2.824411778872289688e+03 1.032387818881529418e+00
2.825062198597606312e+03 9.890953178163883752e-01
2.825712768104843235e+03 9.755785960152152381e-01
2.826363487428492135e+03 1.003023649647866833e+00
2.827014356603054239e+03 1.004891509410496653e+00
2.827665375663038049e+03 9.944145414497074231e-01
2.828316544642959343e+03 1.005331935182869785e+00
2.828967863577342996e+03 9.901164953736820706e-01
2.829619332500720702e+03 1.010831254544118263e+00
